
Total annotations: 3458
Total predictions: 2198
TP: 1278
FN: 2180
FP: 920
Precision: 0.5814376706096451
Recall: 0.36957779063042223
F-score: 0.4519094766619519