
Total annotations: 3458
Total predictions: 2725
TP: 1369
FN: 2089
FP: 1356
Precision: 0.5023853211009174
Recall: 0.3958935801041064
F-score: 0.442827106582565